lr0: 0.01201
lrf: 0.0103
momentum: 0.82545
weight_decay: 0.00028
warmup_epochs: 3.668
warmup_momentum: 0.79394
warmup_bias_lr: 0.07899
box: 0.04171
cls: 0.38937
cls_pw: 1.1381
obj: 1.0362
obj_pw: 0.90727
iou_t: 0.2
anchor_t: 4.3084
fl_gamma: 0.0
hsv_h: 0.01711
hsv_s: 0.57782
hsv_v: 0.30165
degrees: 0.0
translate: 0.10851
scale: 0.44967
shear: 0.0
perspective: 0.0
flipud: 0.0
fliplr: 0.5
mosaic: 0.85151
mixup: 0.0
copy_paste: 0.0
anchors: 2.3425
