lr0: 0.01202
lrf: 0.01
momentum: 0.98
weight_decay: 0.0005
warmup_epochs: 3.0
warmup_momentum: 0.59154
warmup_bias_lr: 0.09358
box: 0.04832
cls: 0.50027
cls_pw: 1.025
obj: 0.95484
obj_pw: 0.914
iou_t: 0.2
anchor_t: 4.3853
fl_gamma: 0.0
hsv_h: 0.01799
hsv_s: 0.60621
hsv_v: 0.38117
degrees: 0.0
translate: 0.12301
scale: 0.64142
shear: 0.0
perspective: 0.0
flipud: 0.0
fliplr: 0.5
mosaic: 1.0
mixup: 0.0
copy_paste: 0.0
anchors: 2.8056
